Classification Report
               precision    recall  f1-score   support

   Electronic       0.44      0.56      0.49       184
 Experimental       0.36      0.34      0.35       200
         Folk       0.33      0.45      0.38       182
      Hip-Hop       0.49      0.52      0.50       221
 Instrumental       0.43      0.36      0.39       194
International       0.36      0.32      0.34       213
          Pop       0.22      0.13      0.16       196
         Rock       0.38      0.41      0.40       210

     accuracy                           0.39      1600
    macro avg       0.38      0.39      0.38      1600
 weighted avg       0.38      0.39      0.38      1600

Confusion Matrix
[[0.55978261 0.08695652 0.05434783 0.07065217 0.10869565 0.05434783
  0.0326087  0.0326087 ]
 [0.11       0.34       0.1        0.065      0.14       0.055
  0.03       0.16      ]
 [0.00549451 0.08791209 0.44505495 0.1043956  0.03846154 0.13186813
  0.07142857 0.11538462]
 [0.15837104 0.0361991  0.07692308 0.52036199 0.0361991  0.08144796
  0.05429864 0.0361991 ]
 [0.08247423 0.14948454 0.12886598 0.05154639 0.36082474 0.05670103
  0.06185567 0.10824742]
 [0.09389671 0.05633803 0.18779343 0.16431925 0.03286385 0.32394366
  0.08920188 0.05164319]
 [0.12244898 0.10714286 0.16326531 0.09693878 0.05612245 0.11734694
  0.12755102 0.20918367]
 [0.05714286 0.09047619 0.1047619  0.05714286 0.06190476 0.11428571
  0.1        0.41428571]]
Params
{'C': 1, 'degree': 1, 'gamma': 0.01, 'kernel': 'rbf'}